sample_td3_data
states: [array([-0.75      ,  0.75      ,  0.        ,  0.61237245, -0.70710677,
        0.70710677,  0.        , 12.72792244,  0.11111112,  0.77777779,
        1.        ,  0.11111112,  1.        ,  0.11111112,  0.22222224,
        0.22222224,  0.44444448,  0.22222224,  1.        ,  0.22222224]), array([-0.75      ,  0.58333343, -0.16666667,  0.55694272, -0.77748156,
        0.60470796, -0.17277369,  0.55694272,  0.11111112,  1.        ,
        1.        ,  0.33333331,  1.        ,  0.33333331,  0.22222224,
        0.22222224,  0.66666663,  0.44444448,  1.        ,  0.44444448]), array([-0.58810335,  0.44889829, -0.26803222,  0.45431874, -0.7473644 ,
        0.57046193, -0.34061655,  0.45431874,  0.33333331,  1.        ,
        0.77777779,  0.55555552,  0.88888896,  0.44444448,  0.44444448,
        0.44444448,  1.        ,  0.66666663,  1.        ,  0.66666663]), array([-0.43689385,  0.34787154, -0.24867778,  0.35295491, -0.71465445,
        0.56903511, -0.40677768,  0.35295491,  0.55555552,  0.77777779,
        0.66666663,  0.66666663,  0.88888896,  0.22222224,  0.77777779,
        0.77777779,  0.88888896,  0.88888896,  0.88888896,  0.33333331]), array([-0.31658459,  0.27353302, -0.21902232,  0.27265173, -0.67037976,
        0.57921642, -0.46378797,  0.27265173,  0.66666663,  0.66666663,
        0.55555552,  0.77777779,  0.88888896,  0.44444448,  0.77777779,
        0.88888896,  0.77777779,  0.88888896,  0.77777779,  0.55555552]), array([-0.2128865 ,  0.21375656, -0.19872862,  0.208571  , -0.5892961 ,
        0.59170455, -0.55010533,  0.208571  ,  0.77777779,  0.55555552,
        0.55555552,  0.77777779,  0.88888896,  0.22222224,  0.66666663,
        1.        ,  0.66666663,  0.66666663,  0.66666663,  0.22222224]), array([-0.16684072,  0.14318459, -0.17089258,  0.16077098, -0.5991475 ,
        0.51419514, -0.6136983 ,  0.16077098,  0.88888896,  0.44444448,
        0.44444448,  0.88888896,  1.        ,  0.33333331,  0.55555552,
        1.        ,  0.55555552,  0.66666663,  0.55555552,  0.33333331]), array([-0.08934601,  0.06929922, -0.16262613,  0.11435668, -0.4510794 ,
        0.34986958, -0.82104725,  0.11435668,  0.44444448,  0.33333331,
        0.33333331,  1.        ,  1.        ,  0.33333331,  0.44444448,
        1.        ,  0.44444448,  0.22222224,  0.44444448,  0.22222224]), array([-0.06773639,  0.00262936, -0.11962303,  0.07938262, -0.49264717,
        0.01912335, -0.87001902,  0.07938262,  0.44444448,  0.33333331,
        0.22222224,  0.22222224,  1.        ,  0.33333331,  0.33333331,
        1.        ,  0.33333331,  0.44444448,  0.33333331,  0.33333331])]

list:9

actions: [array([2.       , 1.9999993, 2.       ], dtype=float32), array([-1.9427598,  1.6132214,  1.2163867], dtype=float32), array([-1.8145139 ,  1.2123206 , -0.23225363], dtype=float32), array([-1.4437115 ,  0.89206207, -0.35586545], dtype=float32), array([-1.2443769 ,  0.7173175 , -0.24352425], dtype=float32), array([-0.5525496 ,  0.84686387, -0.33403257], dtype=float32), array([-0.92993635,  0.88662463, -0.09919745], dtype=float32), array([-0.25931543,  0.8000386 , -0.5160373 ], dtype=float32), array([-1.0470835 , -0.31190357, -0.6080734 ], dtype=float32)]

list:9



